image: map.jpg
resolution: 0.020000
origin: [-6.48, -10.24, 0.000000]
negate: 0
occupied_thresh: 0.65
free_thresh: 0.196

